2 0.1859375 0.69140625 0.09921875 0.16171875
2 0.61875 0.59375 0.0375 0.11953125
2 0.83828125 0.25078125 0.028125 0.05703125
2 0.590625 0.240625 0.02890625 0.0546875
2 0.3734375 0.22890625 0.02890625 0.06015625
2 0.8625 0.19375 0.01875 0.04140625
2 0.76328125 0.1875 0.0171875 0.03984375
2 0.64296875 0.1796875 0.0171875 0.03671875
2 0.58203125 0.12734375 0.01484375 0.034375
2 0.4703125 0.16875 0.0203125 0.040625
2 0.3765625 0.1640625 0.0203125 0.03671875
2 0.253125 0.14453125 0.01640625 0.0359375
2 0.22109375 0.1125 0.01484375 0.01953125
2 0.1203125 0.13203125 0.01875 0.0390625
0 0.58203125 0.60078125 0.07109375 0.13359375
0 0.640625 0.6046875 0.059375 0.13125
2 0.21171875 0.2015625 0.0203125 0.04453125